D:\Users\Lenovo\Desktop\NTU-VFX2023-HW2\data\grail\grail00.jpg
384 512

1 0 255.5 
0 1 191.5 
0 0 1 

0.999858 0.0156411 0.0061589 
-0.0168046 0.939331 0.3426 
-0.00042662 -0.342654 0.939462 

627.983

D:\Users\Lenovo\Desktop\NTU-VFX2023-HW2\data\grail\grail01.jpg
384 512

1 0 255.5 
0 1 191.5 
0 0 1 

0.99991 0.0133604 -0.000742922 
-0.0133604 0.999911 1.03457e-005 
0.00074298 -1.55726e-007 1 

627.833

D:\Users\Lenovo\Desktop\NTU-VFX2023-HW2\data\grail\grail02.jpg
384 512

1 0 255.5 
0 1 191.5 
0 0 1 

0.999843 0.016263 -0.00696405 
-0.0176673 0.938381 -0.345151 
0.000921703 0.345221 0.938521 

625.46

D:\Users\Lenovo\Desktop\NTU-VFX2023-HW2\data\grail\grail03.jpg
384 512

1 0 255.5 
0 1 191.5 
0 0 1 

0.999888 0.010401 -0.0107816 
-0.0149033 0.763756 -0.645333 
0.00152239 0.645421 0.763825 

627.638

D:\Users\Lenovo\Desktop\NTU-VFX2023-HW2\data\grail\grail04.jpg
384 512

1 0 255.5 
0 1 191.5 
0 0 1 

0.999838 0.00752001 -0.0163463 
-0.0179279 0.4936 -0.869504 
0.00152985 0.869656 0.493655 

627.534

D:\Users\Lenovo\Desktop\NTU-VFX2023-HW2\data\grail\grail05.jpg
384 512

1 0 255.5 
0 1 191.5 
0 0 1 

0.999862 0.00188635 -0.016491 
-0.0165694 0.17226 -0.984912 
0.000982831 0.98505 0.172267 

627.217

D:\Users\Lenovo\Desktop\NTU-VFX2023-HW2\data\grail\grail06.jpg
384 512

1 0 255.5 
0 1 191.5 
0 0 1 

0.999831 -0.00420841 -0.0178671 
-0.0183293 -0.176362 -0.984155 
0.000990632 0.984316 -0.176409 

625.933

D:\Users\Lenovo\Desktop\NTU-VFX2023-HW2\data\grail\grail07.jpg
384 512

1 0 255.5 
0 1 191.5 
0 0 1 

0.999852 -0.00919422 -0.0145269 
-0.0171793 -0.501895 -0.864758 
0.000659823 0.86488 -0.501979 

626.378

D:\Users\Lenovo\Desktop\NTU-VFX2023-HW2\data\grail\grail08.jpg
384 512

1 0 255.5 
0 1 191.5 
0 0 1 

0.999845 -0.0126345 -0.012278 
-0.0176016 -0.746115 -0.665584 
-0.000751441 0.665697 -0.746222 

628.883

D:\Users\Lenovo\Desktop\NTU-VFX2023-HW2\data\grail\grail09.jpg
384 512

1 0 255.5 
0 1 191.5 
0 0 1 

0.999826 -0.014852 -0.0112678 
-0.017818 -0.939071 -0.34326 
-0.00548322 0.343401 -0.939173 

629.978

D:\Users\Lenovo\Desktop\NTU-VFX2023-HW2\data\grail\grail10.jpg
384 512

1 0 255.5 
0 1 191.5 
0 0 1 

0.999864 -0.0161439 -0.00342882 
-0.0161254 -0.999856 0.00535637 
-0.00351483 -0.00530042 -0.99998 

630.453

D:\Users\Lenovo\Desktop\NTU-VFX2023-HW2\data\grail\grail11.jpg
384 512

1 0 255.5 
0 1 191.5 
0 0 1 

0.999905 -0.0127935 0.00503371 
-0.0137447 -0.93843 0.345196 
0.000307507 -0.345232 -0.938517 

629.893

D:\Users\Lenovo\Desktop\NTU-VFX2023-HW2\data\grail\grail12.jpg
384 512

1 0 255.5 
0 1 191.5 
0 0 1 

0.9999 -0.0100009 0.00998588 
-0.0140901 -0.76028 0.649443 
0.00109706 -0.649519 -0.760345 

630.751

D:\Users\Lenovo\Desktop\NTU-VFX2023-HW2\data\grail\grail13.jpg
384 512

1 0 255.5 
0 1 191.5 
0 0 1 

0.999868 -0.00682711 0.0147108 
-0.016147 -0.503776 0.863683 
0.00151453 -0.863808 -0.50382 

628.595

D:\Users\Lenovo\Desktop\NTU-VFX2023-HW2\data\grail\grail14.jpg
384 512

1 0 255.5 
0 1 191.5 
0 0 1 

0.999805 -0.00220626 0.0196286 
-0.0197081 -0.177777 0.983873 
0.00131881 -0.984069 -0.177785 

629.792

D:\Users\Lenovo\Desktop\NTU-VFX2023-HW2\data\grail\grail15.jpg
384 512

1 0 255.5 
0 1 191.5 
0 0 1 

0.999808 0.00354535 0.0192443 
-0.019567 0.17014 0.985225 
0.000218754 -0.985414 0.170177 

628.965

D:\Users\Lenovo\Desktop\NTU-VFX2023-HW2\data\grail\grail16.jpg
384 512

1 0 255.5 
0 1 191.5 
0 0 1 

0.999836 0.00865483 0.0158751 
-0.0180785 0.493407 0.86961 
-0.000306574 -0.869755 0.493483 

628.925

D:\Users\Lenovo\Desktop\NTU-VFX2023-HW2\data\grail\grail17.jpg
384 512

1 0 255.5 
0 1 191.5 
0 0 1 

0.999875 0.0117656 0.0105928 
-0.015826 0.760402 0.64926 
-0.000415851 -0.649346 0.760493 

628.591

