D:\Users\Lenovo\Desktop\NTU-VFX2023-HW2\data\denny\denny01.jpg
480 640

1 0 319.5 
0 1 239.5 
0 0 1 

0.980622 -0.0231966 0.194529 
0.0227533 0.999731 0.00451336 
-0.194582 3.88311e-008 0.980886 

656.934

D:\Users\Lenovo\Desktop\NTU-VFX2023-HW2\data\denny\denny02.jpg
480 640

1 0 319.5 
0 1 239.5 
0 0 1 

0.981109 0.0418892 0.188865 
0.0322016 0.927293 -0.372948 
-0.190756 0.371985 0.908427 

660.279

D:\Users\Lenovo\Desktop\NTU-VFX2023-HW2\data\denny\denny03.jpg
480 640

1 0 319.5 
0 1 239.5 
0 0 1 

0.983781 0.104595 0.145725 
0.0337083 0.690126 -0.722904 
-0.176181 0.716091 0.675407 

664.881

D:\Users\Lenovo\Desktop\NTU-VFX2023-HW2\data\denny\denny04.jpg
480 640

1 0 319.5 
0 1 239.5 
0 0 1 

0.990167 0.106781 0.0903692 
0.0486 0.343182 -0.938011 
-0.131175 0.933179 0.334618 

669.589

D:\Users\Lenovo\Desktop\NTU-VFX2023-HW2\data\denny\denny05.jpg
480 640

1 0 319.5 
0 1 239.5 
0 0 1 

0.992981 0.110073 0.0432784 
0.048471 -0.0449427 -0.997813 
-0.107887 0.992907 -0.0499625 

668.788

D:\Users\Lenovo\Desktop\NTU-VFX2023-HW2\data\denny\denny06.jpg
480 640

1 0 319.5 
0 1 239.5 
0 0 1 

0.997535 0.0603578 -0.0358061 
0.00563429 -0.577439 -0.816414 
-0.0699528 0.8142 -0.576355 

647.05

D:\Users\Lenovo\Desktop\NTU-VFX2023-HW2\data\denny\denny07.jpg
480 640

1 0 319.5 
0 1 239.5 
0 0 1 

0.997836 0.036236 -0.0548731 
0.000496043 -0.838595 -0.544755 
-0.065756 0.543549 -0.836798 

648.494

D:\Users\Lenovo\Desktop\NTU-VFX2023-HW2\data\denny\denny08.jpg
480 640

1 0 319.5 
0 1 239.5 
0 0 1 

0.998039 0.0306464 -0.0545783 
0.0203618 -0.983476 -0.17989 
-0.0591895 0.178426 -0.982171 

648.189

D:\Users\Lenovo\Desktop\NTU-VFX2023-HW2\data\denny\denny09.jpg
480 640

1 0 319.5 
0 1 239.5 
0 0 1 

0.998475 0.010812 -0.0541371 
0.0219891 -0.977377 0.210359 
-0.050638 -0.211228 -0.976124 

652.218

D:\Users\Lenovo\Desktop\NTU-VFX2023-HW2\data\denny\denny10.jpg
480 640

1 0 319.5 
0 1 239.5 
0 0 1 

0.999357 0.00530321 -0.0354737 
0.0245581 -0.822 0.568958 
-0.0261421 -0.569463 -0.821601 

650.908

D:\Users\Lenovo\Desktop\NTU-VFX2023-HW2\data\denny\denny11.jpg
480 640

1 0 319.5 
0 1 239.5 
0 0 1 

0.9987 0.0145588 -0.048853 
0.0501531 -0.452148 0.890532 
-0.00912382 -0.891824 -0.452291 

646.109

D:\Users\Lenovo\Desktop\NTU-VFX2023-HW2\data\denny\denny12.jpg
480 640

1 0 319.5 
0 1 239.5 
0 0 1 

0.99804 0.0180627 -0.0599098 
0.0603529 -0.0250744 0.997862 
0.0165218 -0.999522 -0.0261156 

647.414

D:\Users\Lenovo\Desktop\NTU-VFX2023-HW2\data\denny\denny13.jpg
480 640

1 0 319.5 
0 1 239.5 
0 0 1 

0.998466 0.0345239 -0.0432917 
0.0288207 0.343557 0.93869 
0.0472804 -0.938497 0.342035 

649.073

D:\Users\Lenovo\Desktop\NTU-VFX2023-HW2\data\denny\denny14.jpg
480 640

1 0 319.5 
0 1 239.5 
0 0 1 

0.99973 0.0232099 0.00105552 
-0.0167661 0.689231 0.724348 
0.0160846 -0.72417 0.689434 

653.379

D:\Users\Lenovo\Desktop\NTU-VFX2023-HW2\data\denny\denny00.jpg
480 640

1 0 319.5 
0 1 239.5 
0 0 1 

0.979558 -0.0797335 0.184687 
0.000921919 0.919864 0.392236 
-0.201161 -0.384048 0.901133 

653.976

