D:\Users\Lenovo\Desktop\NTU-VFX2023-HW2\data\csie\IMG_8709.jpg
540 720

1 0 359.5 
0 1 269.5 
0 0 1 

0.978738 -0.0202806 0.20411 
0.0107593 0.998806 0.0476504 
-0.204832 -0.044441 0.977788 

2053.25

D:\Users\Lenovo\Desktop\NTU-VFX2023-HW2\data\csie\IMG_8710.jpg
540 720

1 0 359.5 
0 1 269.5 
0 0 1 

0.978369 -0.00857625 0.206688 
0.00839099 0.999963 0.0017727 
-0.206695 2.07401e-007 0.978406 

2044.4

D:\Users\Lenovo\Desktop\NTU-VFX2023-HW2\data\csie\IMG_8711.jpg
540 720

1 0 359.5 
0 1 269.5 
0 0 1 

0.98077 0.0262287 0.193396 
-0.00758299 0.995301 -0.0965293 
-0.195019 0.0932068 0.976361 

2049.18

D:\Users\Lenovo\Desktop\NTU-VFX2023-HW2\data\csie\IMG_8712.jpg
540 720

1 0 359.5 
0 1 269.5 
0 0 1 

0.97903 0.0273893 0.201866 
0.00340124 0.988585 -0.150628 
-0.203688 0.148156 0.967761 

2048.99

D:\Users\Lenovo\Desktop\NTU-VFX2023-HW2\data\csie\IMG_8713.jpg
540 720

1 0 359.5 
0 1 269.5 
0 0 1 

0.982833 0.057792 0.175213 
-0.00923476 0.963893 -0.266128 
-0.184267 0.259942 0.94788 

2046.53

D:\Users\Lenovo\Desktop\NTU-VFX2023-HW2\data\csie\IMG_8714.jpg
540 720

1 0 359.5 
0 1 269.5 
0 0 1 

0.979913 0.0892729 0.178324 
-0.00712837 0.909313 -0.41605 
-0.199295 0.406422 0.891685 

2041.06

D:\Users\Lenovo\Desktop\NTU-VFX2023-HW2\data\csie\IMG_8715.jpg
540 720

1 0 359.5 
0 1 269.5 
0 0 1 

0.978719 0.12426 0.163306 
-0.00305946 0.804565 -0.593857 
-0.205183 0.580719 0.787823 

2039.87

D:\Users\Lenovo\Desktop\NTU-VFX2023-HW2\data\csie\IMG_8716.jpg
540 720

1 0 359.5 
0 1 269.5 
0 0 1 

0.97845 0.148273 0.143701 
0.000826792 0.69313 -0.720812 
-0.206481 0.705397 0.678071 

2039.04

D:\Users\Lenovo\Desktop\NTU-VFX2023-HW2\data\csie\IMG_8717.jpg
540 720

1 0 359.5 
0 1 269.5 
0 0 1 

0.977204 0.171386 0.125296 
-0.00390793 0.604598 -0.796521 
-0.212267 0.777874 0.591485 

2036.41

D:\Users\Lenovo\Desktop\NTU-VFX2023-HW2\data\csie\IMG_8718.jpg
540 720

1 0 359.5 
0 1 269.5 
0 0 1 

0.974574 0.191893 0.115682 
0.000939504 0.512784 -0.858517 
-0.224063 0.836797 0.499566 

2036.65

D:\Users\Lenovo\Desktop\NTU-VFX2023-HW2\data\csie\IMG_8719.jpg
540 720

1 0 359.5 
0 1 269.5 
0 0 1 

0.976854 0.191953 0.0943968 
0.0105692 0.397445 -0.917565 
-0.213647 0.897325 0.386217 

2036.41

