D:\Users\Lenovo\Desktop\NTU-VFX2023-HW2\data\csie\IMG_8710.JPG
540 720

1 0 359.5 
0 1 269.5 
0 0 1 

0.985433 -0.00217893 0.170049 
0.00214715 0.999998 0.000370918 
-0.170049 -8.22504e-008 0.985436 

1734.17

D:\Users\Lenovo\Desktop\NTU-VFX2023-HW2\data\csie\IMG_8711.JPG
540 720

1 0 359.5 
0 1 269.5 
0 0 1 

0.985131 -0.0510543 0.164045 
0.0119068 0.972819 0.231259 
-0.171393 -0.225866 0.958962 

1737.55

D:\Users\Lenovo\Desktop\NTU-VFX2023-HW2\data\csie\IMG_8712.JPG
540 720

1 0 359.5 
0 1 269.5 
0 0 1 

0.987133 -0.00244198 0.159882 
-0.00807796 0.997845 0.0651147 
-0.159696 -0.065568 0.984986 

1734.64

D:\Users\Lenovo\Desktop\NTU-VFX2023-HW2\data\csie\IMG_8713.JPG
540 720

1 0 359.5 
0 1 269.5 
0 0 1 

0.989056 0.0304498 0.144367 
-0.0104891 0.990508 -0.137056 
-0.14717 0.134042 0.979987 

1732.12

D:\Users\Lenovo\Desktop\NTU-VFX2023-HW2\data\csie\IMG_8714.JPG
540 720

1 0 359.5 
0 1 269.5 
0 0 1 

0.986318 0.0573971 0.15454 
-0.00515675 0.947715 -0.319076 
-0.164774 0.313914 0.935044 

1730.52

D:\Users\Lenovo\Desktop\NTU-VFX2023-HW2\data\csie\IMG_8715.JPG
540 720

1 0 359.5 
0 1 269.5 
0 0 1 

0.985196 0.0938958 0.143432 
-0.00217131 0.843434 -0.537228 
-0.171419 0.528963 0.831152 

1729.58

D:\Users\Lenovo\Desktop\NTU-VFX2023-HW2\data\csie\IMG_8716.JPG
540 720

1 0 359.5 
0 1 269.5 
0 0 1 

0.984933 0.119218 0.125277 
0.000876069 0.720959 -0.692977 
-0.172935 0.682646 0.709992 

1727.34

D:\Users\Lenovo\Desktop\NTU-VFX2023-HW2\data\csie\IMG_8717.JPG
540 720

1 0 359.5 
0 1 269.5 
0 0 1 

0.983694 0.143462 0.108468 
-0.00395273 0.620196 -0.784437 
-0.179808 0.771217 0.61065 

1725.41

D:\Users\Lenovo\Desktop\NTU-VFX2023-HW2\data\csie\IMG_8718.JPG
540 720

1 0 359.5 
0 1 269.5 
0 0 1 

0.981034 0.165956 0.100152 
0.000823425 0.513114 -0.85832 
-0.193833 0.842124 0.503246 

1725.47

D:\Users\Lenovo\Desktop\NTU-VFX2023-HW2\data\csie\IMG_8719.JPG
540 720

1 0 359.5 
0 1 269.5 
0 0 1 

0.983332 0.164197 0.0780838 
0.0106522 0.376696 -0.926276 
-0.181506 0.911668 0.368668 

1725.15

D:\Users\Lenovo\Desktop\NTU-VFX2023-HW2\data\csie\IMG_8709.JPG
540 720

1 0 359.5 
0 1 269.5 
0 0 1 

0.98478 -0.0397093 0.169213 
0.00896765 0.983864 0.178694 
-0.173578 -0.174457 0.969245 

1729.76

